# Easy
7
# Grid
0, 0, 0, 0, 0, 0, 0
1, 0, 0, 3, 0, 0, 0
0, 0, 3, 0, 0, 0, 0
0, 0, 0, 4, 3, 0, 0
0, 1, 0, 0, 0, 0, 0
0, 0, 0, 0, 0, 0, 0
6, 0, 0, 0, 0, 0, 0
# Horizontal constraints
# 0 = no constraint , 1 = "<" ( left < right ), -1 = ">" ( left > right )
0, -1, 0, 0, 0, 0
0, 1, 0, 1, 0, 0
0, 0, -1, 0, 0, 0
0, 0, 0, 0, 0, 0
0, 0, 0, 1, 0, 0
0, 0, 0, 0, 0, 0
0, 0, 0, 0, 0, 0
# Vertical constraints
# 0 = no constraint , 1 = "<" (top < bottom ), -1 = ">" ( top > bottom )
0, 1, 0, 0, 0, 1, -1
0, 0, 0, 0, 1, 0, 1
0, -1, 0, 0, 0, 0, 0
1, 0, 1, 0, 0, 0, 0
0, 0, 1, -1, 0, 0, 0
0, 0, 0, -1, 1, -1, 1