9   5 < 6   4   7   3   2   1   8
    v                   ^   ^    
2 < 4   8 > 6   9   5 < 7   3 > 1
    v   ^                        
4   1   9   2 < 6   8   3   7   5
^               ^       ^       ^
7   3 > 2   9 > 8   1   4   5 < 6
                                 
5   6   7   1   4   2   9   8   3
                            ^   ^
3   8   5   7   2   6   1   9   4
^               v       ^        
8   7   3   5   1   9 > 6 > 4   2
        ^   ^                    
1   2   4   8   3   7   5 < 6 < 9
                ^                
6   9   1   3   5   4   8   2 < 7